255 255 255 255 255 255 255 255 255 255 255 255 255 255 255 255
255 255 255 255 255 255 255 255 255 255 255 255 255 255 255 255
255 255   0   0   0   0   0   0   0   0   0   0   0   0 255 255
255 255   0 255 255 255 255 255 255 255 255 255 255   0 255 255
255 255   0 255 255 255 255 255 255 255 255 255 255   0 255 255
255 255   0 255 255   0 255 255 255 255   0 255 255   0 255 255
255 255   0 255 255 255 255 255 255 255 255 255 255   0 255 255
255 255   0 255 255   0 255   0 255   0   0   0 255   0 255 255
255 255   0 255 255 255 255   0 255   0 255   0 255   0 255 255
255 255   0 255 255 255 255   0 255 255   0   0 255   0 255 255
255 255   0 255 255   0 255   0 255   0   0 255 255   0 255 255
255 255   0 255 255 255 255 255   0   0   0   0 255   0 255 255
255 255   0 255 255 255 255 255 255 255 255 255 255   0 255 255
255 255   0   0   0   0   0   0   0   0   0   0   0   0 255 255
255 255 255 255 255 255 255 255 255 255 255 255 255 255 255 255
255 255 255 255 255 255 255 255 255 255 255 255 255 255 255 255
255 255 255 255 255 255 255 255 255 255 255 255 255 255 255 255
255 255 255 255 255 255 255 255 255 255 255 255 255 255 255 255
255 255   0   0   0   0   0   0   0   0   0   0   0   0 255 255
255 255   0 255 255 255 255 255 255 255 255 255 255   0 255 255
255 255   0 255 255 255 255 255 255 255 255 255 255   0 255 255
255 255   0 255 255   0 255 255 255 255   0 255 255   0 255 255
255 255   0 255 255 255 255 255 255 255 255 255 255   0 255 255
255 255   0 255 255   0 255   0 255   0   0   0 255   0 255 255
255 255   0 255 255 255 255   0 255   0 255   0 255   0 255 255
255 255   0 255 255 255 255   0 255 255   0   0 255   0 255 255
255 255   0 255 255   0 255   0 255   0   0 255 255   0 255 255
255 255   0 255 255 255 255 255   0   0   0   0 255   0 255 255
255 255   0 255 255 255 255 255 255 255 255 255 255   0 255 255
255 255   0   0   0   0   0   0   0   0   0   0   0   0 255 255
255 255 255 255 255 255 255 255 255 255 255 255 255 255 255 255
255 255 255 255 255 255 255 255 255 255 255 255 255 255 255 255
255 255 255 255 255 255 255 255 255 255 255 255 255 255 255 255
255 255 255 255 255 255 255 255 255 255 255 255 255 255 255 255
255 255   0   0   0   0   0   0   0   0   0   0   0   0 255 255
255 255   0 255 255 255 255 255 255 255 255 255 255   0 255 255
255 255   0 255 255 255 255 255 255 255 255 255 255   0 255 255
255 255   0 255 255   0 255 255 255 255   0 255 255   0 255 255
255 255   0 255 255 255 255 255 255 255 255 255 255   0 255 255
255 255   0 255 255   0 255   0 255   0   0   0 255   0 255 255
255 255   0 255 255 255 255   0 255   0 255   0 255   0 255 255
255 255   0 255 255 255 255   0 255 255   0   0 255   0 255 255
255 255   0 255 255   0 255   0 255   0   0 255 255   0 255 255
255 255   0 255 255 255 255 255   0   0   0   0 255   0 255 255
255 255   0 255 255 255 255 255 255 255 255 255 255   0 255 255
255 255   0   0   0   0   0   0   0   0   0   0   0   0 255 255
255 255 255 255 255 255 255 255 255 255 255 255 255 255 255 255
255 255 255 255 255 255 255 255 255 255 255 255 255 255 255 255

255 255 255 255 255 255 255 255 255 255 255 255 255 255 255 255
255 255 255 255 255 255 255 255 255 255 255 255 255 255 255 255
255 255   0   0   0   0   0   0   0   0   0   0   0   0 255 255
255 255   0 255 255 255 255 255 255 255 255 255 255   0 255 255
255 255   0 255 255 255 255   0   0   0 255   0 255   0 255 255
255 255   0 255 255   0 255   0 255   0   0   0 255   0 255 255
255 255   0 255 255 255 255   0   0 255   0   0 255   0 255 255
255 255   0 255 255 255 255 255 255 255 255   0 255   0 255 255
255 255   0 255 255 255 255   0   0   0   0 255 255   0 255 255
255 255   0 255 255 255 255 255 255 255 255 255 255   0 255 255
255 255   0 255 255   0 255   0 255 255   0 255 255   0 255 255
255 255   0 255 255 255 255 255 255 255 255 255 255   0 255 255
255 255   0 255 255 255 255 255 255 255 255 255 255   0 255 255
255 255   0   0   0   0   0   0   0   0   0   0   0   0 255 255
255 255 255 255 255 255 255 255 255 255 255 255 255 255 255 255
255 255 255 255 255 255 255 255 255 255 255 255 255 255 255 255
255 255 255 255 255 255 255 255 255 255 255 255 255 255 255 255
255 255 255 255 255 255 255 255 255 255 255 255 255 255 255 255
255 255   0   0   0   0   0   0   0   0   0   0   0   0 255 255
255 255   0 255 255 255 255 255 255 255 255 255 255   0 255 255
255 255   0 255 255 255 255   0   0   0 255   0 255   0 255 255
255 255   0 255 255   0 255   0 255   0   0   0 255   0 255 255
255 255   0 255 255 255 255   0   0 255   0   0 255   0 255 255
255 255   0 255 255 255 255 255 255 255 255   0 255   0 255 255
255 255   0 255 255 255 255   0   0   0   0 255 255   0 255 255
255 255   0 255 255 255 255 255 255 255 255 255 255   0 255 255
255 255   0 255 255   0 255   0 255 255   0 255 255   0 255 255
255 255   0 255 255 255 255 255 255 255 255 255 255   0 255 255
255 255   0 255 255 255 255 255 255 255 255 255 255   0 255 255
255 255   0   0   0   0   0   0   0   0   0   0   0   0 255 255
255 255 255 255 255 255 255 255 255 255 255 255 255 255 255 255
255 255 255 255 255 255 255 255 255 255 255 255 255 255 255 255
255 255 255 255 255 255 255 255 255 255 255 255 255 255 255 255
255 255 255 255 255 255 255 255 255 255 255 255 255 255 255 255
255 255   0   0   0   0   0   0   0   0   0   0   0   0 255 255
255 255   0 255 255 255 255 255 255 255 255 255 255   0 255 255
255 255   0 255 255 255 255   0   0   0 255   0 255   0 255 255
255 255   0 255 255   0 255   0 255   0   0   0 255   0 255 255
255 255   0 255 255 255 255   0   0 255   0   0 255   0 255 255
255 255   0 255 255 255 255 255 255 255 255   0 255   0 255 255
255 255   0 255 255 255 255   0   0   0   0 255 255   0 255 255
255 255   0 255 255 255 255 255 255 255 255 255 255   0 255 255
255 255   0 255 255   0 255   0 255 255   0 255 255   0 255 255
255 255   0 255 255 255 255 255 255 255 255 255 255   0 255 255
255 255   0 255 255 255 255 255 255 255 255 255 255   0 255 255
255 255   0   0   0   0   0   0   0   0   0   0   0   0 255 255
255 255 255 255 255 255 255 255 255 255 255 255 255 255 255 255
255 255 255 255 255 255 255 255 255 255 255 255 255 255 255 255

255 255 255 255 255 255 255 255 255 255 255 255 255 255 255 255
255 214 153 153 153 153 153 153 153 153 153 153 153 153 214 255
255 153   3  31  31  31  31  31  31  31  31  31  31   3 153 255
255 153  31 255 255 255 255 255 255 255 255 255 255  31 153 255
255 153  31 255 160 160 147 103  85  99 128 122 255  31 153 255
255 153  31 255 202  45 149 144  85 110 130 128 255  31 153 255
255 153  31 255 151  75  98  99  73  98 129 136 255  31 153 255
255 153  31 255 117 155 105 187 102 163  68 146 255  31 153 255
255 153  31 255 118 124  86 111  74 165 160 109 255  31 153 255
255 153  31 255 161 173 116 148 167 103 110  99 255  31 153 255
255 153  31 255 128 130 127  85 126 160 130 128 255  31 153 255
255 153  31 255 122 128 124 130 191 161 128 122 255  31 153 255
255 153  31 255 255 255 255 255 255 255 255 255 255  31 153 255
255 153   3  31  31  31  31  31  31  31  31  31  31   3 153 255
255 214 153 153 153 153 153 153 153 153 153 153 153 153 214 255
255 255 255 255 255 255 255 255 255 255 255 255 255 255 255 255
255 255 255 255 255 255 255 255 255 255 255 255 255 255 255 255
255 214 153 153 153 153 153 153 153 153 153 153 153 153 214 255
255 153   3  31  31  31  31  31  31  31  31  31  31   3 153 255
255 153  31 255 255 255 255 255 255 255 255 255 255  31 153 255
255 153  31 255 160 160 147 103  85  99 128 122 255  31 153 255
255 153  31 255 202  45 149 144  85 110 130 128 255  31 153 255
255 153  31 255 151  75  98  99  73  98 129 136 255  31 153 255
255 153  31 255 117 155 105 187 102 163  68 146 255  31 153 255
255 153  31 255 118 124  86 111  74 165 160 109 255  31 153 255
255 153  31 255 161 173 116 148 167 103 110  99 255  31 153 255
255 153  31 255 128 130 127  85 126 160 130 128 255  31 153 255
255 153  31 255 122 128 124 130 191 161 128 122 255  31 153 255
255 153  31 255 255 255 255 255 255 255 255 255 255  31 153 255
255 153   3  31  31  31  31  31  31  31  31  31  31   3 153 255
255 214 153 153 153 153 153 153 153 153 153 153 153 153 214 255
255 255 255 255 255 255 255 255 255 255 255 255 255 255 255 255
255 255 255 255 255 255 255 255 255 255 255 255 255 255 255 255
255 214 153 153 153 153 153 153 153 153 153 153 153 153 214 255
255 153   3  31  31  31  31  31  31  31  31  31  31   3 153 255
255 153  31 255 255 255 255 255 255 255 255 255 255  31 153 255
255 153  31 255 160 160 147 103  85  99 128 122 255  31 153 255
255 153  31 255 202  45 149 144  85 110 130 128 255  31 153 255
255 153  31 255 151  75  98  99  73  98 129 136 255  31 153 255
255 153  31 255 117 155 105 187 102 163  68 146 255  31 153 255
255 153  31 255 118 124  86 111  74 165 160 109 255  31 153 255
255 153  31 255 161 173 116 148 167 103 110  99 255  31 153 255
255 153  31 255 128 130 127  85 126 160 130 128 255  31 153 255
255 153  31 255 122 128 124 130 191 161 128 122 255  31 153 255
255 153  31 255 255 255 255 255 255 255 255 255 255  31 153 255
255 153   3  31  31  31  31  31  31  31  31  31  31   3 153 255
255 214 153 153 153 153 153 153 153 153 153 153 153 153 214 255
255 255 255 255 255 255 255 255 255 255 255 255 255 255 255 255

255 255 255 255 255 255 255 255 255 255 255 255 255 255 255 255
255 214 153 153 153 153 153 153 153 153 153 153 153 153 214 255
255 153   3  31  31  31  31  31  31  31  31  31  31   3 153 255
255 153  31 255 255 255 255 255 255 255 255 255 255  31 153 255
255 153  31 255 122 128 136 146 109  99 128 122 255  31 153 255
255 153  31 255 128 130 129  68 160 110 130 128 255  31 153 255
255 153  31 255  99 110  98 163 165 103 160 161 255  31 153 255
255 153  31 255  85  85  73 102  74 167 126 191 255  31 153 255
255 153  31 255 103 144  99 187 111 148  85 130 255  31 153 255
255 153  31 255 147 149  98 105  86 116 127 124 255  31 153 255
255 153  31 255 160  45  75 155 124 173 130 128 255  31 153 255
255 153  31 255 160 202 151 117 118 161 128 122 255  31 153 255
255 153  31 255 255 255 255 255 255 255 255 255 255  31 153 255
255 153   3  31  31  31  31  31  31  31  31  31  31   3 153 255
255 214 153 153 153 153 153 153 153 153 153 153 153 153 214 255
255 255 255 255 255 255 255 255 255 255 255 255 255 255 255 255
255 255 255 255 255 255 255 255 255 255 255 255 255 255 255 255
255 214 153 153 153 153 153 153 153 153 153 153 153 153 214 255
255 153   3  31  31  31  31  31  31  31  31  31  31   3 153 255
255 153  31 255 255 255 255 255 255 255 255 255 255  31 153 255
255 153  31 255 122 128 136 146 109  99 128 122 255  31 153 255
255 153  31 255 128 130 129  68 160 110 130 128 255  31 153 255
255 153  31 255  99 110  98 163 165 103 160 161 255  31 153 255
255 153  31 255  85  85  73 102  74 167 126 191 255  31 153 255
255 153  31 255 103 144  99 187 111 148  85 130 255  31 153 255
255 153  31 255 147 149  98 105  86 116 127 124 255  31 153 255
255 153  31 255 160  45  75 155 124 173 130 128 255  31 153 255
255 153  31 255 160 202 151 117 118 161 128 122 255  31 153 255
255 153  31 255 255 255 255 255 255 255 255 255 255  31 153 255
255 153   3  31  31  31  31  31  31  31  31  31  31   3 153 255
255 214 153 153 153 153 153 153 153 153 153 153 153 153 214 255
255 255 255 255 255 255 255 255 255 255 255 255 255 255 255 255
255 255 255 255 255 255 255 255 255 255 255 255 255 255 255 255
255 214 153 153 153 153 153 153 153 153 153 153 153 153 214 255
255 153   3  31  31  31  31  31  31  31  31  31  31   3 153 255
255 153  31 255 255 255 255 255 255 255 255 255 255  31 153 255
255 153  31 255 122 128 136 146 109  99 128 122 255  31 153 255
255 153  31 255 128 130 129  68 160 110 130 128 255  31 153 255
255 153  31 255  99 110  98 163 165 103 160 161 255  31 153 255
255 153  31 255  85  85  73 102  74 167 126 191 255  31 153 255
255 153  31 255 103 144  99 187 111 148  85 130 255  31 153 255
255 153  31 255 147 149  98 105  86 116 127 124 255  31 153 255
255 153  31 255 160  45  75 155 124 173 130 128 255  31 153 255
255 153  31 255 160 202 151 117 118 161 128 122 255  31 153 255
255 153  31 255 255 255 255 255 255 255 255 255 255  31 153 255
255 153   3  31  31  31  31  31  31  31  31  31  31   3 153 255
255 214 153 153 153 153 153 153 153 153 153 153 153 153 214 255
255 255 255 255 255 255 255 255 255 255 255 255 255 255 255 255
